1.008
4.0026
6.94
9.0122
10.81
12.011
14.007
15.999
18.998
20.179
22.989
24.305
26.982
28.086
30.974
32.06
35.453
39.948
39.098
40.078
44.956
47.867
50.942
51.996
54.938
55.845
58.933
58.933
63.546
65.38
69.72
72.63
74.922
78.971
79.904
83.798
85.468
87.62
88.906
91.22
92.906
95.94
97.0
101.07
102.91
106.42
107.87
112.41
114.82
118.71
121.76
127.60
126.905
131.29
132.91
137.33
138.91
140.12
140.91
144.24
145.0
150.4
151.96
157.25
158.923
162.50
164.93
167.26
168.93
173.05
174.967
178.49
180.95
183.84
186.21
190.23
192.22
195.09
196.97
200.59
204.37
207.2
208.98
209.0
210.0
222.0
223.0
226.0
227.0
232.04
231.04
238.03
237.0
244.0
243.0
277.0
247.0
251.0
252.0
257.0
258.0
259.0
266.0
267.0
268.0
269.0
270.0
269.0
278.0
281.0
282.0
285.0
286.0
289.0
290.0
293.0
294.0
294.0